0,421
0,420
0,419
0,418
0,417
0,416
0,415
0,414
0,413
0,412
0,411
0,410
0,409
0,408
0,407
0,406
0,405
0,404
0,403
0,402
0,401
0,400
0,399
31,3
31,2
0,398
31,1
31,0
0,397
30,3
30,2
30,1
30,0
0,396
0,395
0,394
0,393
0,392
0,391
29,3
29,2
29,1
29,0
28,3
28,2
28,1
28,0
27,3
27,2
27,1
27,0
0,390
0,389
0,388
0,387
0,386
0,385
0,384
0,278
0,319
0,318
0,317
0,316
26,3
26,2
26,1
26,0
25,3
25,2
0,283
25,1
25,0
24,3
24,2
0,9
24,1
24,0
23,35
3,2
10,25
10,175
10,79
10,183
10,185
10,2
10,3
11,8
11,20
11,11
11,16
11,2
11,3
9,5
9,2
9,3
8,8
8,11
8,2
8,3
12,2
12,1
12,3
20,2
20,1
20,3
19,2
19,1
19,3
18,1
18,3
14,1
14,3
13,1
13,3
2,2
2,1
2,3
11,30
11,29
11,28
11,27
11,26
11,25
11,24
11,23
11,22
11,1
11,21
